center_estimate = 0.984578060629 
spread_estimate = 0.0100926806154 
growth factor used for estimation is 1.0