center_estimate = 0.994188220046 
spread_estimate = 0.0034761477648 
growth factor used for estimation is 1.00741707178