center_estimate = 0.989050218236 
spread_estimate = 0.0 
TFP growth factor used for estimation is 1.00372908894